0 5.286984 2.422615 1
1 10.645170 2.311266 1
2 15.780131 2.296694 0
3 21.119975 2.294592 0
4 26.423363 2.282793 1
5 31.684381 2.279518 1
6 36.809103 2.268142 1
7 41.863600 2.267206 0
8 46.988796 2.254628 1
9 52.013347 2.251616 0
10 57.158669 2.230366 1
11 62.239155 2.217915 1
12 67.435673 2.219511 1
13 72.576976 2.203745 0
14 77.721626 2.202439 1
15 82.843521 2.180162 1
16 87.953435 2.159446 0
17 93.133050 2.160594 0
18 98.150431 2.128004 0
19 103.251154 2.112285 1
20 108.380584 2.094010 0
21 113.637494 2.088288 0
22 118.829563 2.075652 0
23 123.897795 2.034639 1
24 129.123902 2.019572 0
25 134.235958 2.025483 0
26 139.303282 1.998475 0
27 144.399437 1.988319 1
28 149.348391 1.969948 0
29 154.387983 1.963341 1
30 159.505068 1.963574 1
31 164.667308 1.963223 1
32 169.813896 1.918538 0
33 175.037369 1.916894 1
34 180.191609 1.924361 0
35 185.244985 1.906889 1
36 190.421443 1.888886 0
37 195.553218 1.881709 1
38 200.662829 1.902093 0
39 205.693716 1.903179 0
40 210.839428 1.874761 0
41 215.905694 1.887116 1
42 221.035144 1.858343 0
43 226.260524 1.863468 1
44 231.381382 1.854705 1
45 236.420048 1.861138 0
46 241.563799 1.825815 0
47 246.652048 1.841430 1
48 251.792237 1.827565 0
49 256.896599 1.820309 0
50 261.932631 1.820035 0
51 267.094457 1.815474 0
52 272.170911 1.815283 0
53 277.246144 1.824144 0
54 282.332328 1.794538 1
55 287.515877 1.801538 0
56 292.589901 1.822416 0
57 297.736461 1.801140 0
58 302.820367 1.834810 1
59 307.889212 1.824803 0
60 312.904860 1.821417 0
61 317.967209 1.807384 0
62 323.067536 1.803310 0
63 328.190011 1.779000 1
64 333.337933 1.823341 0
65 338.534139 1.783032 0
66 343.615006 1.777315 1
67 348.880149 1.775210 0
68 353.965385 1.756744 0
69 359.121004 1.753590 1
70 364.286877 1.768781 1
71 369.504408 1.746131 0
72 374.666555 1.732857 1
73 379.818859 1.737809 0
74 384.916470 1.740663 1
75 390.097946 1.751604 1
76 395.254269 1.745533 0
77 400.308631 1.678766 1
78 405.487184 1.771677 1
79 410.572544 1.768303 1
80 415.585088 1.743107 1
81 420.727791 1.739029 1
82 425.813517 1.750244 0
83 430.906505 1.711908 1
84 435.940890 1.690294 1
85 440.933839 1.718145 0
86 446.265784 1.695056 1
87 451.451137 1.680741 1
88 456.548527 1.707854 0
89 461.668403 1.675176 1
90 466.657972 1.665623 0
91 471.616127 1.708715 0
92 476.769283 1.675601 1
93 481.943963 1.702530 0
94 487.030424 1.707818 0
95 492.081983 1.684515 0
96 497.083856 1.695026 1
97 502.152383 1.705287 1
98 507.373950 1.715573 0
99 512.510831 1.689442 0
100 517.566167 1.675738 1
101 522.635076 1.682807 1
102 527.757356 1.682734 0
103 532.864854 1.649871 0
104 537.940593 1.672410 1
105 543.026401 1.668951 1
106 548.202994 1.691108 1
107 553.326296 1.692774 0
108 558.583537 1.677665 1
109 563.720732 1.697855 1
110 568.880089 1.717638 0
111 573.974990 1.682540 0
112 579.095221 1.669121 1
113 584.161343 1.669785 0
114 589.282088 1.681659 1
115 594.627553 1.680220 0
116 599.803397 1.670980 1
117 604.814382 1.702855 0
118 609.907564 1.692605 1
119 615.056621 1.669193 1
120 620.233849 1.670933 0
121 625.319328 1.672373 1
122 630.402629 1.696552 0
123 635.524100 1.666213 1
124 640.681073 1.691647 0
125 645.768025 1.675528 0
126 650.886649 1.663969 0
127 655.979740 1.689397 1
128 661.068939 1.653378 0
129 666.227396 1.678309 1
130 671.328968 1.661250 0
131 676.334513 1.672684 1
132 681.462364 1.685369 1
133 686.532324 1.673355 0
134 691.648207 1.677063 0
135 696.823674 1.685817 1
136 701.842155 1.686467 1
137 706.847305 1.656991 0
138 711.972524 1.656841 0
139 717.185036 1.697053 0
140 722.355123 1.689791 0
141 727.499632 1.712442 0
142 732.550026 1.700195 0
143 737.645655 1.695805 0
144 742.783389 1.685418 0
145 747.927780 1.698311 0
146 753.235809 1.689863 0
147 758.438370 1.703004 1
148 763.580104 1.669925 0
149 768.757044 1.689851 0
150 773.882036 1.674794 1
151 779.009301 1.682188 0
152 784.142793 1.704091 1
153 789.256539 1.709514 1
154 794.338962 1.675689 1
155 799.444788 1.693338 1
156 804.505543 1.672058 1
157 809.498601 1.672864 0
158 814.683789 1.656461 1
159 819.896716 1.668750 1
