0 5.430659 2.463752 0
1 10.976888 2.323929 1
2 16.432363 2.287350 0
3 21.762894 2.283880 1
4 27.042689 2.273303 0
5 32.357010 2.263653 0
6 37.582167 2.247265 0
7 42.806075 2.238146 1
8 47.911629 2.237142 0
9 53.004402 2.221741 0
10 58.179808 2.215721 0
11 63.370795 2.208736 1
12 68.623955 2.188415 1
13 73.788605 2.177998 1
14 78.996538 2.174425 0
15 84.219796 2.165574 0
16 89.375571 2.156056 0
17 94.561298 2.134865 1
18 99.706118 2.122738 1
19 104.950766 2.107479 0
20 110.119797 2.100534 1
21 115.234892 2.093054 0
22 120.404126 2.080446 1
23 125.555158 2.059381 1
24 130.672848 2.088577 1
25 135.857237 2.059227 1
26 141.056270 2.041415 0
27 146.195591 2.016625 1
28 151.259547 2.006274 1
29 156.296718 2.007884 0
30 161.472264 2.014668 1
31 166.633894 2.023790 1
32 171.823042 2.014714 0
33 176.959016 1.983342 0
34 182.160879 1.956830 1
35 187.285680 1.943898 0
36 192.499743 1.930413 1
37 197.686984 1.932635 1
38 202.977506 1.947511 0
39 208.136268 1.933898 1
40 213.276920 1.893490 1
41 218.496150 1.911301 0
42 223.584834 1.869809 1
43 228.672719 1.878981 1
44 233.880800 1.889209 0
45 239.093461 1.886575 0
46 244.221438 1.843893 0
47 249.400697 1.844961 1
48 254.505915 1.874695 1
49 259.692296 1.882638 0
50 264.779404 1.851022 0
51 269.904148 1.851500 0
52 274.878819 1.851508 0
53 280.154659 1.849534 0
54 285.335751 1.868309 0
55 290.485099 1.804806 0
56 295.622846 1.826721 1
57 300.761981 1.847513 0
58 305.862775 1.815363 1
59 311.062691 1.832372 1
60 316.232281 1.883636 1
61 321.478598 1.860598 1
62 326.630345 1.844302 0
63 331.859050 1.872375 1
64 336.944378 1.803149 0
65 342.105245 1.813778 0
66 347.395102 1.801426 1
67 352.517740 1.786059 0
68 357.761307 1.808472 1
69 362.937798 1.779078 1
70 367.971531 1.821978 0
71 373.182091 1.806918 0
72 378.374301 1.776944 1
73 383.481160 1.821147 0
74 388.708246 1.790810 1
75 393.836941 1.817629 1
76 398.916012 1.785562 1
77 404.083420 1.782090 0
78 409.248903 1.810983 1
79 414.451815 1.796833 1
80 419.689870 1.775081 1
81 424.775464 1.797208 0
82 430.013474 1.784032 1
83 435.241839 1.770022 1
84 440.401533 1.790229 0
85 445.609438 1.784348 0
86 450.838311 1.787652 1
87 455.932880 1.773352 1
88 461.172879 1.778986 0
89 466.302272 1.754595 0
90 471.442743 1.764565 0
91 476.647532 1.796670 0
92 481.839906 1.775666 0
93 486.950515 1.761128 1
94 492.170195 1.741773 1
95 497.327198 1.764673 1
96 502.446642 1.751044 0
97 507.617763 1.761913 1
98 512.861816 1.791166 0
99 518.058416 1.784300 0
100 523.219500 1.743999 0
101 528.439649 1.773980 1
102 533.704593 1.770213 0
103 538.910871 1.774103 0
104 544.086380 1.740428 0
105 549.132923 1.758186 0
106 554.426836 1.764665 1
107 559.569433 1.749103 0
108 564.622753 1.763811 0
109 569.901630 1.747690 1
110 575.116904 1.741780 1
111 580.277559 1.782151 1
112 585.504128 1.766527 1
113 590.734813 1.767039 0
114 595.916759 1.752620 0
115 601.037782 1.750592 0
116 606.405094 1.758503 0
117 611.628181 1.779270 1
118 616.789449 1.749169 1
119 621.970448 1.774587 1
120 627.157905 1.750533 0
121 632.447506 1.773721 1
122 637.535721 1.757247 1
123 642.599276 1.747331 1
124 647.772168 1.738137 0
125 653.143284 1.756387 1
126 658.249365 1.748956 1
127 663.546196 1.746253 0
128 668.769853 1.755385 0
129 673.857999 1.712794 1
130 679.125964 1.767739 1
131 684.264752 1.738797 1
132 689.523347 1.769336 1
133 694.773110 1.779564 0
134 699.842869 1.735433 1
135 704.896301 1.760599 1
136 710.047462 1.724952 1
137 715.295227 1.763744 0
138 720.462182 1.762197 0
139 725.697176 1.750471 1
140 730.860867 1.749681 0
141 736.067964 1.754727 0
142 741.256463 1.771186 1
143 746.459286 1.747123 1
144 751.568712 1.756447 1
145 756.682214 1.754513 0
146 761.735992 1.728127 0
147 766.989693 1.740262 1
148 772.220567 1.737796 1
149 777.472141 1.768018 1
150 782.540658 1.744306 0
151 787.767117 1.751549 0
152 792.986589 1.749475 0
153 798.183865 1.765253 1
154 803.454405 1.772279 1
155 808.701112 1.775077 0
156 813.819437 1.743222 0
157 819.034977 1.738603 0
158 824.284299 1.746439 1
159 829.317611 1.770283 1
