0 5.353725 2.454242 2
1 10.708016 2.303518 2
2 15.991117 2.252009 2
3 21.281559 2.224632 2
4 26.473952 2.209647 2
5 31.689288 2.187318 2
6 36.924974 2.175916 2
7 41.981865 2.138297 2
8 47.141515 2.129950 2
9 52.110269 2.112882 2
10 57.163638 2.095354 2
11 62.306953 2.096279 2
12 67.366250 2.094980 2
13 72.513721 2.078380 2
14 77.647554 2.063432 2
15 82.695082 2.044351 2
16 87.847148 2.045375 2
17 92.979863 2.035939 2
18 97.962643 2.018371 2
19 103.136916 2.004292 2
20 108.283896 1.990860 2
21 113.437266 2.002852 2
22 118.481822 1.990861 2
23 123.698870 1.990810 2
24 128.848238 1.985572 2
25 133.974804 1.959430 2
26 139.064684 1.927807 2
27 144.199590 1.931987 2
28 149.305113 1.952689 2
29 154.489955 1.925590 2
30 159.628696 1.918280 2
31 164.647677 1.920677 2
32 169.757926 1.931414 2
33 174.912083 1.941431 2
34 179.880162 1.883463 2
35 184.961845 1.866541 2
36 190.033083 1.890924 2
37 195.030790 1.895247 2
38 200.085067 1.875942 2
39 205.154407 1.866097 2
40 210.254431 1.871891 2
41 215.196918 1.899140 2
42 220.368121 1.859280 2
43 225.359150 1.855351 2
44 230.361634 1.859030 2
45 235.462543 1.886868 2
46 240.508614 1.880274 2
47 245.707086 1.843071 2
48 250.766943 1.852916 2
49 255.939015 1.828624 2
50 260.994415 1.844909 2
51 266.160366 1.811910 2
52 271.259343 1.827449 2
53 276.191477 1.795087 2
54 281.233253 1.796077 2
55 286.305860 1.823057 2
56 291.400865 1.819792 2
57 296.453835 1.786281 2
58 301.436866 1.789941 2
59 306.672242 1.811842 2
60 311.790801 1.816271 2
61 316.927860 1.797379 2
62 322.012837 1.789583 2
63 327.177740 1.782658 2
64 332.265526 1.787234 2
65 337.447013 1.782272 2
66 342.723946 1.770558 2
67 347.933127 1.757026 2
68 352.919671 1.758422 2
69 357.989088 1.773878 2
70 363.154049 1.757430 2
71 368.265470 1.755022 2
72 373.334795 1.776145 2
73 378.423167 1.761830 2
74 383.536601 1.774162 2
75 388.654673 1.720424 2
76 393.835244 1.759078 2
77 398.955267 1.744616 2
78 403.991421 1.739275 2
79 409.100840 1.743933 2
80 414.182951 1.751685 2
81 419.251901 1.728470 2
82 424.336889 1.742941 2
83 429.468562 1.700709 2
84 434.578732 1.733593 2
85 439.762938 1.709390 2
86 444.875463 1.721384 2
87 450.050963 1.702148 2
88 455.177596 1.729746 2
89 460.315460 1.708647 2
90 465.481546 1.665696 2
91 470.630158 1.752377 2
92 475.633057 1.700469 2
93 480.789696 1.698385 2
94 485.891523 1.683628 2
95 490.970228 1.688731 2
96 496.138053 1.700253 2
97 501.253548 1.700100 2
98 506.327096 1.693100 2
99 511.442184 1.698704 2
100 516.664882 1.686788 2
101 521.725616 1.699033 2
102 526.824877 1.673637 2
103 531.916380 1.715391 2
104 537.105069 1.713192 2
105 542.251436 1.713794 2
106 547.503939 1.700553 2
107 552.709988 1.668138 2
108 557.852739 1.704613 2
109 562.942019 1.672476 2
110 567.974201 1.688985 2
111 573.001679 1.695974 2
112 578.082534 1.706117 2
113 583.132848 1.692898 2
114 588.202446 1.709570 2
115 593.413504 1.703776 2
116 598.561199 1.719179 2
117 603.716556 1.675373 2
118 608.752978 1.697816 2
119 613.904608 1.662968 2
120 619.039723 1.698863 2
121 624.114056 1.696092 2
122 629.294391 1.687500 2
123 634.417020 1.684248 2
124 639.490893 1.689986 2
125 644.557160 1.679726 2
126 649.641241 1.682908 2
127 654.774536 1.667954 2
128 659.855754 1.699420 2
129 665.023828 1.697634 2
130 670.146563 1.674070 2
131 675.124899 1.695200 2
132 680.219055 1.697117 2
133 685.223658 1.693933 2
134 690.225660 1.713146 2
135 695.207867 1.695688 2
136 700.299614 1.694420 2
137 705.376791 1.693479 2
138 710.484965 1.667933 2
139 715.440029 1.697657 2
140 720.540479 1.687329 2
141 725.558531 1.688042 2
142 730.692900 1.688691 2
143 735.712821 1.707297 2
144 740.872471 1.698189 2
145 745.992575 1.699189 2
146 751.225253 1.688604 2
147 756.335926 1.713838 2
148 761.430836 1.701689 2
149 766.556936 1.676339 2
150 771.656457 1.698385 2
151 776.765619 1.679850 2
152 781.823263 1.688765 2
153 787.071954 1.681259 2
154 792.179453 1.683205 2
155 797.140651 1.702024 2
156 802.217888 1.714110 2
157 807.376088 1.675081 2
158 812.558904 1.725247 2
159 817.760863 1.673443 2
