0 5.305048 2.576846 1
1 10.703185 2.348893 0
2 15.741591 2.297419 1
3 20.996392 2.273738 1
4 26.257540 2.266293 1
5 31.453077 2.253182 0
6 36.544129 2.244196 1
7 41.595351 2.233854 0
8 46.642343 2.207880 1
9 51.778276 2.196849 0
10 56.843041 2.190542 1
11 61.960864 2.168507 0
12 66.981637 2.148798 1
13 71.969131 2.146919 1
14 77.075689 2.104766 1
15 82.265834 2.106251 0
16 87.312367 2.083903 0
17 92.428900 2.051462 1
18 97.558892 2.045026 0
19 102.771806 2.029824 0
20 107.884429 2.009760 0
21 112.895274 1.997648 0
22 118.095285 1.983269 1
23 123.251192 1.962811 0
24 128.333157 1.952227 1
25 133.308341 1.941004 1
26 138.337517 1.945442 1
27 143.331512 1.930851 0
28 148.515466 1.910256 0
29 153.677372 1.901807 1
30 158.806281 1.890023 1
31 163.827174 1.877038 1
32 168.937379 1.891325 0
33 174.064580 1.868047 1
34 179.214908 1.885486 0
35 184.298293 1.849980 1
36 189.497434 1.854867 1
37 194.686555 1.856849 0
38 199.865625 1.832022 0
39 205.020622 1.816907 1
40 210.123246 1.822518 0
41 215.324830 1.845254 0
42 220.504451 1.870469 1
43 225.663512 1.807676 0
44 230.736034 1.807246 0
45 235.999746 1.823581 1
46 241.098898 1.831858 0
47 246.167791 1.810394 0
48 251.264376 1.793757 0
49 256.454789 1.796531 0
50 261.593543 1.782395 0
51 266.676570 1.800372 1
52 271.801184 1.798049 0
53 276.904346 1.782766 0
54 282.116746 1.764386 0
55 287.209458 1.771357 1
56 292.411691 1.773264 0
57 297.541152 1.771714 1
58 302.659421 1.756988 0
59 307.907092 1.759278 0
60 313.005691 1.749381 0
61 318.132152 1.762242 0
62 323.296997 1.764632 0
63 328.516360 1.724524 1
64 333.782329 1.772244 1
65 338.799877 1.741748 1
66 343.798517 1.744813 1
67 348.859024 1.756030 0
68 353.911403 1.734556 0
69 359.018392 1.748008 0
70 364.177468 1.739630 1
71 369.433120 1.717670 0
72 374.475001 1.729396 0
73 379.680228 1.729347 0
74 384.966561 1.736517 0
75 390.093902 1.726956 0
76 395.291734 1.742625 1
77 400.442606 1.749396 0
78 405.667750 1.715067 1
79 410.832597 1.717298 1
80 415.858783 1.723929 1
81 420.885998 1.697545 0
82 426.001793 1.690494 0
83 431.063365 1.686273 1
84 436.138965 1.681454 1
85 441.344965 1.697076 1
86 446.351339 1.722279 1
87 451.534903 1.709966 1
88 456.621865 1.698017 1
89 461.684875 1.671236 1
90 466.880414 1.675452 1
91 471.966284 1.702619 0
92 477.148599 1.708205 1
93 482.250418 1.647270 0
94 487.321132 1.704425 1
95 492.376162 1.660994 0
96 497.512231 1.671913 1
97 502.645051 1.711576 0
98 507.923603 1.679712 0
99 513.043375 1.697283 1
100 518.115721 1.664532 1
101 523.301415 1.674331 1
102 528.494325 1.681459 0
103 533.718919 1.678970 1
104 538.880055 1.685433 0
105 544.124178 1.678368 0
106 549.319002 1.689744 1
107 554.532591 1.689175 0
108 559.663573 1.683400 0
109 564.890216 1.690000 1
110 569.997411 1.701186 0
111 574.997096 1.683465 0
112 580.074163 1.673322 1
113 585.192393 1.687859 0
114 590.314101 1.676999 0
115 595.311439 1.700848 1
116 600.452877 1.666312 1
117 605.543460 1.687778 1
118 610.684407 1.674957 1
119 615.797240 1.668003 0
120 620.898718 1.675142 1
121 625.951826 1.669672 0
122 631.306449 1.673317 1
123 636.342129 1.656000 1
124 641.385093 1.698841 0
125 646.509028 1.664164 0
126 651.619953 1.699674 1
127 656.778113 1.676686 0
128 661.917622 1.688133 1
129 666.931577 1.702604 0
130 672.078207 1.668004 0
131 677.221439 1.681544 1
132 682.373319 1.706967 0
133 687.520930 1.676610 1
134 692.615148 1.692291 1
135 697.836491 1.670562 0
136 703.000854 1.671942 0
137 708.066563 1.690644 1
138 713.292869 1.664044 1
139 718.418054 1.681366 0
140 723.493883 1.678842 1
141 728.636740 1.685317 1
142 733.869105 1.665263 1
143 739.112806 1.680917 1
144 744.171322 1.677257 0
145 749.385520 1.684133 0
146 754.542139 1.677208 1
147 759.573221 1.686867 1
148 764.738952 1.664256 1
149 769.885906 1.683688 0
150 774.998670 1.669471 0
151 780.063252 1.684688 0
152 785.152062 1.669351 0
153 790.308001 1.692893 1
154 795.458792 1.668276 1
155 800.512603 1.680461 1
156 805.615368 1.658358 1
157 810.732639 1.687086 1
158 815.846187 1.694475 1
159 820.949563 1.695627 1
