0 8.952317 2.467402 3
1 17.797559 2.326741 3
2 26.839102 2.306435 2
3 35.942378 2.283445 2
4 44.899026 2.279586 3
5 53.993635 2.277582 2
6 63.073047 2.276937 2
7 71.967864 2.265580 3
8 80.970066 2.257131 2
9 89.897375 2.246159 2
10 98.954402 2.243091 3
11 108.074115 2.235216 3
12 117.115936 2.232773 2
13 126.256980 2.211916 2
14 135.182182 2.210500 3
15 144.313422 2.181835 2
16 153.457702 2.180631 2
17 162.544059 2.146195 2
18 171.621028 2.142529 3
19 180.636081 2.127289 2
20 189.751615 2.109461 2
21 198.794522 2.081270 3
22 207.916674 2.062246 3
23 216.900597 2.050648 2
24 225.994238 2.029781 3
25 235.085069 2.022362 2
26 244.030693 2.012964 2
27 253.125883 1.974116 3
28 261.990073 1.957621 2
29 271.134779 1.948864 2
30 280.202965 1.939657 3
31 289.075738 1.941239 3
32 298.148581 1.928684 3
33 307.132131 1.910270 2
34 316.098669 1.933342 3
35 325.197213 1.899113 3
36 334.199952 1.903999 3
37 342.965369 1.869565 2
38 351.893534 1.914653 2
39 360.824746 1.883403 2
40 369.801850 1.865827 3
41 378.853002 1.876317 3
42 387.945260 1.850137 2
43 396.969531 1.865208 2
44 406.105090 1.868764 3
45 415.285577 1.814804 3
46 424.330070 1.835599 2
47 433.410960 1.805861 3
48 442.487580 1.859691 3
49 451.571148 1.818221 3
50 460.679065 1.833741 2
51 469.688353 1.832752 2
52 478.728760 1.824685 3
53 487.841830 1.790447 2
54 496.917561 1.798342 3
55 506.025805 1.801633 3
56 515.099595 1.819288 3
57 524.120724 1.786306 3
58 533.180027 1.806587 3
59 542.280465 1.788695 3
60 551.286122 1.793623 2
61 560.435809 1.796668 3
62 569.499928 1.781274 3
63 578.493264 1.798858 3
64 587.510147 1.760554 2
65 596.565202 1.793676 2
66 605.506091 1.793050 2
67 614.339949 1.766093 2
68 623.201888 1.817639 2
69 632.336185 1.767929 3
70 641.297751 1.764128 2
71 650.462754 1.750577 3
72 659.525817 1.740529 3
73 668.505615 1.759957 2
74 677.579648 1.746989 2
75 686.651085 1.760783 2
76 695.721108 1.742828 2
77 704.804639 1.734821 3
78 713.492057 1.729131 3
79 722.501261 1.732378 3
80 731.660232 1.736692 2
81 740.804208 1.701607 2
82 749.853131 1.694676 3
83 758.929334 1.728871 3
84 768.001137 1.726239 3
85 777.052330 1.720615 2
86 786.116343 1.721385 2
87 795.253441 1.722423 3
88 804.281662 1.706731 3
89 813.377832 1.692527 2
90 822.446781 1.710151 2
91 831.541196 1.691202 2
92 840.424108 1.698492 3
93 849.471377 1.722350 3
94 858.558357 1.696211 3
95 867.692175 1.697612 3
96 876.759447 1.695145 3
97 885.862191 1.722152 3
98 894.906484 1.689563 2
99 903.972994 1.720069 3
100 913.060829 1.682326 2
101 921.917952 1.687096 2
102 930.854300 1.699995 3
103 939.850130 1.687184 2
104 948.920308 1.696442 2
105 957.917099 1.706600 2
106 967.041245 1.692005 2
107 976.034036 1.701558 2
108 985.065915 1.665138 2
109 994.175386 1.720753 2
110 1003.290617 1.704506 3
111 1012.392189 1.665382 2
112 1021.458535 1.698012 2
113 1030.199177 1.689047 2
114 1038.948271 1.691467 3
115 1048.100880 1.709962 3
116 1057.164654 1.683964 2
117 1066.172890 1.696981 3
118 1075.193417 1.681265 3
119 1084.275495 1.669980 2
120 1093.095790 1.708415 3
121 1101.891822 1.704567 2
122 1110.848482 1.695212 2
123 1119.699803 1.709605 2
124 1128.758067 1.694478 2
125 1137.850264 1.706752 3
126 1146.941023 1.699393 2
127 1156.048888 1.700064 2
128 1165.008018 1.717541 3
129 1173.967003 1.687631 3
130 1183.018023 1.700660 3
131 1192.122429 1.682690 2
132 1200.980281 1.692119 2
133 1209.770888 1.685965 2
134 1218.785852 1.718846 2
135 1227.767755 1.700850 2
136 1236.761975 1.695180 2
137 1245.887340 1.695336 3
138 1254.900415 1.711838 2
139 1263.859859 1.709778 2
140 1272.893609 1.689239 2
141 1281.917533 1.703604 3
142 1290.985582 1.688750 3
143 1300.056157 1.707243 2
144 1309.028034 1.687692 3
145 1318.167035 1.667473 2
146 1327.178096 1.674357 3
147 1336.200515 1.694744 3
148 1345.248298 1.698081 2
149 1354.159566 1.699546 2
150 1363.179677 1.711829 3
151 1372.278712 1.698120 2
152 1381.074765 1.686690 2
153 1389.810887 1.701953 3
154 1398.677847 1.669935 3
155 1407.878461 1.706916 3
156 1416.921092 1.701826 3
157 1426.085034 1.678675 2
158 1435.135960 1.695008 2
159 1444.222554 1.701841 3
