0 9.038837 2.439908 3
1 18.174203 2.334555 3
2 27.362165 2.279102 2
3 36.359501 2.245515 2
4 45.407285 2.209759 3
5 54.449274 2.197029 2
6 63.589129 2.181674 3
7 72.660130 2.162256 3
8 81.809605 2.164768 3
9 90.901269 2.145657 2
10 99.999703 2.117466 3
11 108.934280 2.129075 2
12 118.007041 2.103129 2
13 127.082450 2.088029 2
14 136.122745 2.085799 3
15 145.226343 2.088392 2
16 154.353939 2.051787 2
17 163.428353 2.055656 3
18 172.532395 2.051179 3
19 181.535178 2.035912 2
20 190.674338 2.045262 3
21 199.818586 2.009443 3
22 208.870756 2.024909 3
23 217.629364 2.023289 2
24 226.580808 2.006611 3
25 235.606997 2.008349 3
26 244.702246 1.996204 3
27 253.718578 1.991027 2
28 262.720929 2.008213 2
29 271.734321 1.975476 2
30 280.726392 1.985703 2
31 289.815164 1.982251 3
32 298.947783 1.980055 3
33 308.009099 1.972382 3
34 317.035078 1.947128 3
35 326.120905 1.963488 2
36 334.973371 1.945652 2
37 343.937964 1.942164 2
38 352.987942 1.947987 3
39 361.977789 1.946053 3
40 371.040100 1.954464 3
41 380.110140 1.941416 3
42 389.115462 1.927125 2
43 398.129148 1.915955 3
44 407.101894 1.931134 3
45 416.237962 1.934254 3
46 425.286951 1.887373 3
47 434.344817 1.912881 3
48 443.417603 1.922654 3
49 452.493476 1.914123 3
50 461.442305 1.909224 3
51 470.604992 1.913051 2
52 479.551905 1.867552 3
53 488.570938 1.899349 3
54 497.674803 1.891088 3
55 506.683313 1.912761 2
56 515.846714 1.866002 3
57 524.928980 1.869862 2
58 534.075187 1.881966 2
59 543.169914 1.857351 2
60 552.282709 1.835238 2
61 561.344006 1.868435 2
62 570.346343 1.848937 3
63 579.416910 1.885796 3
64 588.442426 1.835223 2
65 597.509418 1.841622 3
66 606.345115 1.828165 3
67 615.250028 1.835410 2
68 624.371676 1.831781 3
69 633.367790 1.853982 3
70 642.435266 1.860019 3
71 651.339096 1.865735 2
72 660.299613 1.849000 3
73 669.383072 1.851205 3
74 678.446150 1.852996 2
75 687.431704 1.808373 3
76 696.483793 1.798926 2
77 705.493339 1.842363 3
78 714.613868 1.833983 2
79 723.712251 1.779034 3
80 732.801726 1.829066 2
81 741.971957 1.796949 3
82 750.977390 1.830770 3
83 760.115194 1.803113 3
84 769.239336 1.798322 3
85 778.163373 1.785556 2
86 787.210190 1.779888 3
87 796.362808 1.796233 3
88 805.352195 1.791584 3
89 814.276758 1.787088 2
90 822.980041 1.795474 3
91 831.958045 1.798144 3
92 841.025709 1.788869 3
93 849.934828 1.771134 3
94 858.876428 1.796078 2
95 868.034709 1.762013 3
96 877.088525 1.803792 3
97 886.242370 1.781702 3
98 895.313898 1.811696 2
99 904.339271 1.799845 2
100 913.325996 1.781521 3
101 922.424226 1.760478 3
102 931.322036 1.769560 3
103 940.464165 1.800700 2
104 949.406167 1.783716 2
105 958.389197 1.770487 2
106 967.234707 1.754541 2
107 976.209573 1.782859 3
108 985.262732 1.787480 2
109 994.351920 1.759241 3
110 1003.350877 1.768211 2
111 1012.565790 1.796045 3
112 1021.749889 1.773766 3
113 1030.706197 1.765024 2
114 1039.710640 1.773156 3
115 1048.773597 1.807669 2
116 1057.801193 1.768552 3
117 1066.779353 1.778578 2
118 1075.788747 1.788226 2
119 1084.807869 1.773441 2
120 1093.665908 1.766349 3
121 1102.694916 1.759211 2
122 1111.629965 1.810045 3
123 1120.707737 1.773165 2
124 1129.659404 1.779814 3
125 1138.685317 1.786709 2
126 1147.684667 1.787159 3
127 1156.790057 1.757423 2
128 1165.905704 1.770499 3
129 1174.873291 1.765720 3
130 1183.926585 1.778657 3
131 1193.019749 1.761819 3
132 1202.184393 1.774603 2
133 1211.333016 1.769612 2
134 1220.367821 1.795995 3
135 1229.363842 1.782282 2
136 1238.243358 1.749176 2
137 1247.383901 1.793561 3
138 1256.497102 1.763990 2
139 1265.441673 1.771615 3
140 1274.582028 1.779533 3
141 1283.700116 1.763027 3
142 1292.762693 1.784581 3
143 1301.870877 1.753992 2
144 1310.921269 1.785969 3
145 1320.009037 1.758053 2
146 1328.991859 1.799775 3
147 1338.052852 1.780060 2
148 1347.202950 1.782564 3
149 1356.286226 1.769357 2
150 1365.387636 1.790306 2
151 1374.345618 1.778000 3
152 1383.328061 1.769890 3
153 1392.379770 1.759599 2
154 1401.436863 1.768623 2
155 1410.461822 1.809556 2
156 1419.516562 1.772425 2
157 1428.431355 1.767640 3
158 1437.640518 1.775756 3
159 1446.729595 1.779177 3
