0 9.122313 2.451129 2
1 17.824927 2.304553 3
2 26.803668 2.304426 2
3 35.913048 2.290702 2
4 44.985295 2.279412 2
5 54.055420 2.277982 2
6 63.275770 2.264934 2
7 72.436327 2.250189 3
8 81.617319 2.252755 2
9 90.643107 2.233527 2
10 99.624742 2.217371 3
11 108.756075 2.204844 2
12 117.794340 2.170651 2
13 126.853746 2.165095 3
14 135.716382 2.149670 2
15 144.833433 2.131067 3
16 153.856495 2.107097 2
17 162.962166 2.091687 3
18 172.045372 2.075715 3
19 181.123332 2.079525 2
20 190.134333 2.080335 2
21 199.128542 2.064769 2
22 207.964576 2.041009 3
23 216.690766 2.046780 2
24 225.735171 2.035342 2
25 234.755488 2.020479 2
26 243.580203 2.008190 3
27 252.575308 1.998614 3
28 261.515507 1.997280 2
29 270.588333 1.984466 2
30 279.591258 1.969108 3
31 288.573767 1.938002 3
32 297.729773 1.950554 2
33 306.858093 1.955261 2
34 315.963379 1.945171 3
35 324.768636 1.943000 3
36 333.894672 1.947096 3
37 343.145430 1.932540 3
38 352.178625 1.931865 3
39 361.376379 1.933042 2
40 370.532637 1.895235 2
41 379.540848 1.860362 3
42 388.461086 1.890765 3
43 397.599905 1.876917 2
44 406.761566 1.876092 3
45 415.917041 1.887745 3
46 424.995602 1.871192 2
47 434.036308 1.857519 2
48 443.248752 1.881102 2
49 452.313755 1.842477 2
50 461.346241 1.865048 3
51 470.284908 1.860566 3
52 479.420603 1.829556 3
53 488.521028 1.847621 2
54 497.534631 1.831837 3
55 506.630183 1.852349 2
56 515.737360 1.822598 2
57 524.628694 1.817045 2
58 533.812269 1.827353 2
59 542.670832 1.828275 3
60 551.807771 1.825001 3
61 560.870774 1.828410 2
62 569.824847 1.834478 2
63 578.930039 1.816368 3
64 588.106249 1.825602 2
65 597.245380 1.794678 3
66 606.177022 1.792315 2
67 615.051494 1.789289 2
68 624.018264 1.778126 3
69 633.121804 1.800323 2
70 642.244084 1.799964 2
71 651.319662 1.793664 2
72 660.450631 1.753750 3
73 669.616587 1.796862 3
74 678.687822 1.761663 2
75 687.712757 1.757559 3
76 696.739813 1.769191 3
77 705.622765 1.778091 2
78 714.662638 1.772371 3
79 723.638252 1.793492 2
80 732.517134 1.751328 2
81 741.687373 1.739560 2
82 750.791297 1.744445 2
83 759.865167 1.752481 2
84 768.980689 1.744919 2
85 777.974626 1.726155 3
86 786.947480 1.731623 3
87 796.125219 1.739986 3
88 805.188267 1.731543 3
89 814.357935 1.727840 3
90 823.313358 1.727716 3
91 832.243059 1.742400 2
92 841.258203 1.726967 3
93 850.311626 1.716673 2
94 859.314580 1.745451 2
95 868.292942 1.720965 3
96 877.094403 1.726150 3
97 886.274618 1.717529 3
98 895.347900 1.727303 3
99 904.237635 1.713149 3
100 913.005719 1.749191 2
101 922.036939 1.696787 3
102 931.144546 1.695517 3
103 940.330282 1.738241 2
104 949.125346 1.743371 2
105 958.174555 1.734352 3
106 967.361651 1.744424 2
107 976.356434 1.729554 2
108 985.487501 1.748480 2
109 994.502626 1.718737 3
110 1003.558086 1.743784 3
111 1012.539577 1.716733 2
112 1021.269891 1.738231 2
113 1030.072149 1.713203 2
114 1038.953418 1.692859 2
115 1047.928673 1.707751 3
116 1056.885060 1.722645 2
117 1065.831832 1.717908 3
118 1074.780252 1.714717 3
119 1083.846096 1.715623 3
120 1092.897442 1.722818 2
121 1102.086647 1.714195 3
122 1111.090394 1.731185 2
123 1120.206136 1.727323 2
124 1129.077246 1.705090 2
125 1138.097487 1.722875 2
126 1147.208936 1.704449 3
127 1156.353359 1.730953 3
128 1165.492085 1.729197 2
129 1174.608882 1.714589 3
130 1183.609862 1.719187 3
131 1192.637314 1.711875 2
132 1201.695853 1.729014 2
133 1210.759563 1.691943 3
134 1219.836443 1.731440 3
135 1228.933780 1.727919 2
136 1237.910486 1.710211 2
137 1246.970135 1.706794 3
138 1255.999779 1.710494 2
139 1265.039661 1.701634 3
140 1274.071465 1.731371 3
141 1283.109432 1.714290 3
142 1292.078369 1.702146 3
143 1301.250216 1.729445 2
144 1310.285268 1.712394 2
145 1319.423005 1.726111 2
146 1328.234407 1.713738 2
147 1337.287334 1.730996 3
148 1346.336793 1.728179 3
149 1355.233830 1.711230 2
150 1364.257476 1.712374 3
151 1373.240844 1.709091 2
152 1382.384756 1.715582 2
153 1391.489648 1.721619 3
154 1400.611630 1.719154 3
155 1409.637848 1.715296 3
156 1418.605130 1.729071 3
157 1427.699989 1.717081 3
158 1436.769595 1.715439 3
159 1445.953482 1.722905 3
