0 8.898264 2.427891 4
1 17.784208 2.296941 4
2 26.754198 2.278901 4
3 35.778491 2.251462 4
4 44.826946 2.232248 4
5 53.919679 2.207084 4
6 63.031760 2.183414 4
7 72.022030 2.172542 4
8 80.949552 2.156390 4
9 89.994267 2.139596 4
10 99.002291 2.132781 4
11 107.995224 2.123284 4
12 117.104861 2.093532 4
13 126.172326 2.094907 4
14 135.185161 2.092937 4
15 144.075218 2.077984 4
16 152.902219 2.064559 4
17 161.937889 2.078758 4
18 171.003346 2.044250 4
19 180.017382 2.056813 4
20 189.041920 2.035028 4
21 198.011374 2.032774 4
22 206.927105 2.036825 4
23 215.758888 2.019717 4
24 224.539347 2.032507 4
25 233.411799 2.022614 4
26 242.215835 1.990027 4
27 251.080149 2.016628 4
28 259.963845 1.967562 4
29 268.852433 1.967178 4
30 277.892375 1.952641 4
31 287.037291 1.965536 4
32 295.870124 1.952528 4
33 304.932088 1.946407 4
34 314.120267 1.919194 4
35 323.211996 1.911419 4
36 332.157507 1.922167 4
37 341.309845 1.899952 4
38 350.427407 1.895466 4
39 359.603352 1.893165 4
40 368.625003 1.886127 4
41 377.763639 1.862880 4
42 386.866820 1.873630 4
43 395.638510 1.852330 4
44 404.687784 1.845067 4
45 413.763978 1.841137 4
46 422.912300 1.820771 4
47 431.934152 1.829072 4
48 440.927388 1.835797 4
49 450.041097 1.856180 4
50 459.061999 1.855565 4
51 468.029734 1.813679 4
52 477.093081 1.789807 4
53 486.108765 1.789170 4
54 494.945913 1.784079 4
55 503.928859 1.786982 4
56 512.729996 1.813730 4
57 521.807582 1.796425 4
58 530.816001 1.800591 4
59 539.831619 1.794605 4
60 548.949776 1.768496 4
61 557.825678 1.749416 4
62 566.714543 1.744275 4
63 575.474046 1.758943 4
64 584.574140 1.747926 4
65 593.723337 1.772504 4
66 602.571143 1.793746 4
67 611.551555 1.823731 4
68 620.463418 1.764054 4
69 629.508006 1.720921 4
70 638.353930 1.708374 4
71 647.054070 1.748737 4
72 655.910445 1.733278 4
73 664.819607 1.754766 4
74 673.555625 1.756380 4
75 682.390875 1.685463 4
76 691.343212 1.715311 4
77 700.341253 1.708102 4
78 709.273736 1.697894 4
79 718.003671 1.729716 4
80 727.185013 1.761092 4
81 736.118825 1.706982 4
82 745.255794 1.657528 4
83 754.320926 1.678453 4
84 763.343618 1.715510 4
85 772.424611 1.689648 4
86 781.435648 1.705827 4
87 790.522665 1.693777 4
88 799.670785 1.679047 4
89 808.747336 1.669347 4
90 817.514085 1.655668 4
91 826.603896 1.663388 4
92 835.598332 1.666001 4
93 844.663839 1.669626 4
94 853.617109 1.683235 4
95 862.691195 1.655668 4
96 871.718687 1.634395 4
97 880.823668 1.636381 4
98 889.803317 1.659439 4
99 898.675190 1.667140 4
100 907.685379 1.696107 4
101 916.552516 1.657222 4
102 925.685839 1.681160 4
103 934.524545 1.667269 4
104 943.563105 1.662306 4
105 952.368044 1.665021 4
106 961.367835 1.635201 4
107 970.460608 1.669169 4
108 979.549495 1.676814 4
109 988.685456 1.668501 4
110 997.799101 1.674966 4
111 1006.871806 1.652321 4
112 1016.042545 1.646202 4
113 1025.044909 1.659440 4
114 1034.031266 1.663606 4
115 1043.073017 1.655241 4
116 1051.950558 1.682479 4
117 1060.919895 1.658383 4
118 1070.033364 1.674388 4
119 1079.078058 1.646783 4
120 1088.104469 1.653164 4
121 1097.013251 1.667937 4
122 1106.019071 1.674860 4
123 1114.995386 1.673704 4
124 1124.072107 1.659407 4
125 1133.083858 1.669365 4
126 1142.068116 1.646610 4
127 1151.152446 1.684166 4
128 1160.101826 1.668518 4
129 1169.164521 1.634949 4
130 1178.078716 1.654797 4
131 1186.925571 1.686476 4
132 1195.924741 1.646677 4
133 1204.826448 1.660282 4
134 1213.881712 1.664903 4
135 1222.880250 1.642639 4
136 1231.826604 1.659132 4
137 1240.903164 1.643992 4
138 1249.895434 1.664946 4
139 1258.985379 1.658105 4
140 1268.018505 1.646214 4
141 1277.058793 1.643570 4
142 1286.016813 1.656131 4
143 1295.026949 1.659596 4
144 1303.864671 1.683332 4
145 1312.888646 1.662292 4
146 1321.914919 1.667957 4
147 1330.932800 1.659255 4
148 1340.108100 1.638246 4
149 1349.121814 1.636764 4
150 1358.096299 1.632589 4
151 1367.156177 1.631053 4
152 1376.176515 1.654521 4
153 1385.217388 1.643219 4
154 1394.295626 1.656206 4
155 1403.327186 1.628388 4
156 1412.393800 1.653576 4
157 1421.543311 1.656669 4
158 1430.652418 1.635562 4
159 1439.681744 1.657059 4
